0.04365564404044487
0.016728898587260274
0.014272689673730934
0.012773345335136693
0.011405504941885362
0.010565488770944794
0.010149558508840107
0.010288882181927517
0.010153771963610609
0.009648829297462044
0.009058979361875746
0.009519424788780225
0.008988851616104136
0.008772802482164055
0.00878078512405114
0.009139965957986702
0.008763302803715378
0.008675233377858029
0.00826747512141281
0.008441675250393759
0.00844437073968395
0.008322596258434376
0.008296203234982966
0.007751180556847283
0.007850467949929843
0.008244077583698
0.007944977073037342
0.007783619299596917
0.007684547213733108
0.007643032859211409
0.007774621639730393
0.007376889497657089
0.007663490889445607
0.007429982661571804
0.0072480771480441354
0.007543497380270324
0.0073531751210490865
0.007292621651565474
0.0072399610454342974
0.007496268319853398
0.006987184575610522
0.006948161714677328
0.006868830163259839
0.007006574911820897
0.007255820682819021
0.00731959388210853
0.006839486409753429
0.00677362113818801
0.006892138945452517
0.0070724298018181924
0.007001395362008989
0.00678452928062902
0.0067542019584504644
0.006661752560299582
0.006594578617398014
0.0066557887723191385
0.006512729261499063
0.006403394829849973
0.00687542095077073
0.00669466470269305
0.0065879522394224075
0.006425672649628425
0.0064858322603226935
0.00644075806056229
0.006579861241999937
0.0065179585841838765
0.006474246791561181
0.006215926503232381
0.006189497467611194
0.006473564431909197
0.006139411922038744
0.006312242958071068
0.006250334979491006
0.006224505428862167
0.006471116529849075
0.006268185115238009
0.006133026052966912
0.00603295979776851
0.006258920770534108
0.006280543846160635
0.006066860952881607
0.006413807103116406
0.006326493773483026
0.006136117311768718
0.006247939999698823
0.006287817513930081
0.006299122873004141
0.006235299329410766
0.005941977761177605
0.006334774722935835
0.005967915532725882
0.006103998380452174
0.0059419648023322225
0.006030898534000513
0.006065244868172437
0.006148786432038344
0.0059805455175297095
0.0060047752331739025
0.005904614245093216
0.006184440096194655
0.005974365100553012
0.005893065385001226
0.006081643560351831
0.0057461420427815536
0.005918719173219483
0.006044400014549186
0.0059661891577204905
0.0058042602919201455
0.005844142372447964
0.005806732263449019
0.005810333766142088
0.005586563833785905
0.00586872570495503
0.005714727635014593
0.005834300137965619
0.005943281130637194
0.005693497561374377
0.005653589466658138
0.005648185364053115
0.005803032101346263
0.005984483392508068
0.005821225532141011
0.005658470841116412
0.005634444532572541
0.0057476409858609155
0.005462501961792816
0.005729204494640736
0.005425031321290826
0.0057621759583673555
0.005798331874966687
0.005645115771550674
0.005664118508956667
0.005633228911762744
0.0056551599608607875
0.005609295254018279
0.0055006912519336626
0.005670315274387697
0.005603696077795573
0.005541482122661683
0.005477025654719137
0.005623050806714238
0.00554402278712882
0.00545274032414465
0.005632153439203656
0.005531976412594384
0.005725506387148217
0.0056640768727936
0.005477526754684812
0.005565833829200461
0.005575623352954214
0.005412421167613856
0.005583996169549306
0.005694678398384919
0.005548992040731936
0.0053707364950724675
0.0055197902239452505
0.005396117191833161
0.005540823405622271
0.005485816770796403
0.00545024531543156
0.005660363967849112
0.005442548523983948
0.005576475335568036
0.005359436786777524
0.0053102066503442095
0.005468324022532433
0.005448257839746751
0.005272814427752455
0.00539631836059995
0.005548241391646123
0.005254648736771471
0.005646209463279332
0.005296736175763066
0.005420767822698484
0.005289212277208546
0.005416823184298994
0.005476932179053646
0.005434954987432269
0.005334857207376807
0.0052905761465776415
0.005292480775762273
0.00541807559921865
0.005227382915715377
0.005618094028437999
0.00521437660241527
0.005363445180251228
0.005300827604267955
0.00516533263983716
0.005340529239845015
0.005321304881491954
0.005330184118129906
0.005443530168540908
0.005161030278444993
0.0051428204677740775
0.005347829830632229
0.005288023667844084
0.005141769464410688
0.005280563456368987
0.005237559444177621
0.0053458892572726124
0.005430621330236198
0.0053338239163127354
0.005168439518896572
0.005148595015609027
0.005209756947801089
0.00545904323613892
0.0054059767656737066
0.005196011001257924
0.005324289262099714
0.005166632757222714
0.005189608787337543
0.005179964159107094
0.005178093451767567
0.005115476271046936
0.00523477827973532
0.005178650246677607
0.005135556341253309
0.005218228199903834
0.0052374283055799595
0.0053521946009391355
0.005217554014736572
0.005207626437864495
0.005176964935030689
0.005056515197986654
0.005184221422096445
0.005121462587280897
0.0049735460898105415
0.005102743385057446
0.005104014747171693
0.005099684363684361
0.005024961558525014
0.0050704545337311195
0.005027486502115991
0.0052966928229032624
0.005070054958228319
0.0051709769386729465
0.005006471477108279
0.005229518070245563
0.005274977260969777
0.005079800654875779
0.005056864829599352
0.005133604780210396
0.005186139522834646
0.00499896184956122
0.005019147438409252
0.005140316681551766
0.0050307455796138505
0.005108396704020226
0.0051502731174043765
0.005281670067107695
0.004868191436130916
0.0048103706343209365
0.004984964409521658
0.005212639511018926
0.00491337001510514
0.004960083179134645
0.005077153625953008
0.004940619833003675
0.0050635380405317275
0.005108592045496171
0.00514275870824392
0.004989037836921074
0.005262565332365972
0.0050442830895027005
0.005092424775300696
0.005072341034749309
0.005080778720777669
0.004823582290169016
0.005070968681828264
0.004934021471972113
0.005049259448561345
0.0048686672337930155
0.005142388072765946
0.005145237299305961
0.005018794985012781
0.005166976939636807
0.004878989046688156
0.004984841797058539
0.004979892369774568
0.005078861655414676
0.005227067385206774
0.00505244391139289
0.005019918943351481
0.005071710680809235
0.005071958672573961
0.0049427820439656486
0.004981897584544522
0.004940579943070436
0.004960689665873296
0.005159477602998152
0.005130322497601794
0.004967901130772819
0.004949191599949689
0.004814512912969718
0.004961969073007438
0.0050301385671175074
0.005123651240317695
0.005003665589863451
0.005011920483747173
0.0051132490162004145
0.00512237682530607
0.005035584769486436
0.004818391431587306
0.005050374777056277
0.004705424118679907
0.0049182541539980465
0.004832048273018965
0.0049486941037078696
0.004809877734938994
0.005033971962950311
0.005066652109868451
0.005051726664575833
0.0051749734335735575
0.004662475306066825
0.00499266380365872
0.004933062473457625
0.004860855682937093
0.004851890383439364
0.004978095242069556
0.004909811019457899
0.004884351115978727
0.005045039288749078
0.00480972805419651
0.004669634790494928
0.005007980607386821
0.00493344016871786
0.00487668048947566
0.004896726800955744
0.004814115487887994
0.004669980951626084
0.004904876226507083
0.004779693603949693
0.0050361394771624764
0.0048058852560235775
0.004935976245597137
0.004989294563612425
0.004804929703265253
0.004984446551930984
0.004834682683070303
0.004813960742048787
0.004914612473252402
0.004950303455215815
0.004940819590020057
0.004860591324345706
0.004958966387721509
0.004924758883800281
0.0049528107126064844
0.005003266893656908
0.004885507124245365
0.004708786765463749
0.004833399102154977
0.005062550233861096
0.004868229875852049
0.004768200019500864
0.004822410007280773
0.0050171718597522
0.004890472092459687
0.0049138244143261366
0.004846337957068685
0.0047395911722259935
0.004918688757119804
0.0048800812712060096
0.00486658649003287
0.004765297160868514
0.0050071779786881095
0.0047374938897634675
0.004887842110998291
0.004626121542314864
0.004959478402911386
0.004693378071756731
0.004770577857051056
0.004752664256066216
0.004845047143293452
0.0046601073955842304
0.004808119517767522
0.004821593535289301
0.004694425091243577
0.004650082124279026
0.004874296640911329
0.004819110788646701
0.004949277322320405
0.004698542812097389
0.0046712396546901595
0.004625279601982034
0.00500501517088298
0.004581897395901975
0.004795810764045578
0.0050527673632944975
0.004893968005769043
0.00490232848611751
0.004714329106455729
0.004778756724346352
0.004839103529161079
0.0049034549070351855
0.004736867125124113
0.004679173502073813
0.004748137355445552
0.004779542116365865
0.004707386369327946
0.004747697399107734
0.005014666270122624
0.004794180004481105
0.004752973624804554
0.004931970481942119
0.0046923594524572905
0.004810935883249835
0.004659671087441608
0.004617597875157838
0.004931085531127291
0.00470439092102282
0.004658059663809616
0.004687214063502474
0.0047926140594046155
0.004824433274152291
0.0047898039023960585
0.004826489454451234
0.004581889401019653
0.004670693772943872
0.004776464897801325
0.004908833825468995
0.004652602458304031
0.004870690925288561
0.004583841267695711
0.004637559363824538
0.00478702081040449
0.004557456345583111
0.004582690788985156
0.004742945163582169
0.004850691154868422
0.004736599014113193
0.0047081937068375514
0.004763740938703549
0.0046474969101751055
0.004704666720939509
0.004761240488690239
0.004824953789034293
0.004617217021745665
0.004672296277925944
0.004672146361433848
0.004784005949930302
0.004800816939849747
0.004636070016252322
0.004585806859017056
0.004734565959254329
0.0046134479488122515
0.004797674302399093
0.004647286814516602
0.004679104515865094
0.004711781872936406
0.004804753107059977
0.0047793021345934154
0.00485465669754486
0.004745475867156016
0.004770311566789505
0.004545691307389609
0.004803825754282178
0.004843351374700347
0.004742564979987356
0.004818476868070838
0.004675624505438152
0.004630988926330037
0.004641132508741093
0.00474314794533647
0.004595486633342232
0.004726400417220782
0.004657717482090699
0.004571327615452376
0.0046965441502394446
0.004680460014663483
0.004646850254312487
0.004933165163790758
0.004595603812060108
0.004554614992015569
0.004731219070263009
0.0046605081750755815
0.004517871208604326
0.004482640089827059
0.004813586771048628
0.00462481043449875
0.004504225990504224
0.004563901212326029
0.004821823264958452
0.004814301869505055
0.0046627994779233645
0.004607060011050453
0.004520093816796807
0.004763890526210752
0.004651755727944308
0.004689777144272111
0.0047755036029173475
0.004612615295949565
0.00473444729151924
0.004548641056327869
0.004553644108836015
0.004618643025474782
0.004758068491055034
0.004696897732418107
0.004650530386283433
0.004730401442875223
0.004585256456647475
0.004579033876376386
0.004602309187275294
0.004708791032136805
0.004391148075829521
0.004708765819462725
0.004643920173038863
0.004469908505697407
0.004828197631921762
0.004652321671931057
0.004549666011505444
0.004410859418532929
0.004525728273386778
0.004489073739661821
0.004496293622865768
0.004689815390311116
0.0044954445612806395
0.004470281131911726
0.004431430268606891
0.004650361809514155
0.004592983974871887
0.004668010631232772
0.004490174077022656
0.004773618379033618
0.004609606454731309
0.0047258021513269365
0.004622419551220945
0.004637765105756049
0.004464882374796082
0.004751101515330045
0.00463618907100826
0.004449685842518565
0.004620288626447452
0.004584398177304033
0.004617859181195256
0.004551003901026923
0.004656791196968461
0.004504880414943274
0.004569401716604653
0.004445042910334547
0.004450735431727693
0.004611568451944222
0.004447024505156859
0.0045349519805581604
0.0045735015496776435
0.004665649701720296
0.0048822396923169755
0.004565827790949944
0.004495950151649702
0.004517604174520985
0.004620650294168157
0.0044341057816803305
0.004596072055432385
0.004561544681526995
0.004602150089082728
0.004719651343677314
0.004389486079183915
0.004506923735641756
0.0046656975113294995
0.004601165155363667
0.004413192412832472
0.004537837123457112
0.0044959736953607615
0.004598207291006866
0.004629551131857949
0.00462114966267055
0.00448188729718833
0.004471619923566097
0.004809147064302083
0.004680386418201975
0.004610655873266645
0.004594969424105917
0.004420903665535591
0.004582534013604498
0.004748442740135642
0.004537521868361748
0.004597451916969983
0.00468670977327621
0.0044673403696181765
0.0044743152605548255
0.004690527497340203
0.004552992200547593
0.004655340519200758
0.0046097799764045
0.004607063992866548
0.004507040810993815
0.0045103310682236665
0.0044178822765313635
0.004449585752471029
0.004440050885001621
0.004589558329713424
0.00450945527438393
0.00458521614518088
0.004445243927658395
0.004527233369994612
0.004380643872920545
0.004532154800252203
0.004579622412147138
0.004596464794368145
0.004499746453577438
0.004578872709837261
0.004459161859810638
0.004550870530620481
0.0046603269226008414
0.004483708259127595
0.004522589956009128
0.004489992751402006
0.004552930702694353
0.004503378706742463
0.004807819811500895
0.0044405622758757
0.004403088185840058
0.004572099941139793
0.004548195002265385
0.004536061611913892
0.004470483905424235
0.004498821443185803
0.004486705271656293
0.004407036233937868
0.0045616466192814325
0.0045985784608277335
0.004471512042964015
0.004612501227478208
0.0044236100776049595
0.004684005347135474
0.0042550870609554875
0.004456135302858982
0.0045395600424041
0.004587196954800733
0.004483575636320431
0.004391742875019314
0.0045272217143827
0.004317438887888264
0.0044677101304359005
0.004349728433585624
0.004592571381457524
0.004468659923554764
0.004273347361878682
0.004277161590048939
0.004384713024890001
0.004639287196253605
0.004537460895064273
0.004422810582504512
0.004446408876896476
0.004466473683989593
0.004240820530161899
0.004427349253950481
0.004444245817029854
0.004400895154694298
0.0047394332103705954
0.004488513618158204
0.004582507421803774
0.004378190552225133
0.00449504146962303
0.004321231256077028
0.004347270036632728
0.0043726196721371995
0.004533845725246763
0.004489204856968186
0.0042833561379226216
0.0041805565206795535
0.004496242038858917
0.0045075559103312
0.004314885924605977
0.004281559770179577
0.004458935109892953
0.004386867245090549
0.004359358221781509
0.0044222448122822255
0.004485611907882303
0.004405293506872359
0.004503018922614796
0.004456970289866042
0.0045171646658155335
0.004410317560498518
0.0044236268341997335
0.004540845861309551
0.004504352829461659
0.004280487614426938
0.004487339081311362
0.004450248489444828
0.0044865321239544445
0.0044370882943201165
0.004291829618400067
0.004351313180251701
0.004364942564150994
0.004414030062625388
0.004283362247151457
0.004569014788476151
0.004374067986055736
0.004436829752373924
0.0043160220852621715
0.00451152567589617
0.004470473383402227
0.0046814736593542156
0.004368781784183969
0.004373126353170162
0.004513204553450257
0.004441151693174863
0.0042732664892878545
0.004276906093445148
0.004238938650385556
0.004492830687029436
0.004563723297262218
0.004257040620289721
0.0043995632490577245
0.004368659948853221
0.00426433223662321
0.004371193775036276
0.0044296520166676
0.004390874661911817
0.004384028199911777
0.004368191158947065
0.004400874874046331
0.004452607425817105
0.004696257236608713
0.004395871674902957
0.004451313286478518
0.00459565108526597
0.0045480443900286225
0.004432444424288771
0.004406245326098593
0.004488874595285363
0.004346115232698048
0.0042238144758967875
0.004565389829984479
0.004539294918699624
0.004382671828513586
0.004341011805113702
0.004467014538585744
0.0043252804498586555
0.00422348261221551
0.004333215565791568
0.004549215767865006
0.004232603394506076
0.004444030635498442
0.004388618121228585
0.004377076626895408
0.0042685524087981664
0.00431133699356125
0.004299576529219285
0.0043199524572902085
0.004129176237551732
0.0044580437043808116
0.004347699348180168
0.004349286348976546
0.004252609406023734
0.0045023030775893135
0.004391394356392038
0.004400847967340443
0.0044045928085448115
0.004305335294021222
0.0043126975157322875
0.00443848597495693
0.004377025626510503
0.004377627878513045
0.004324902330489505
0.004347358799366429
0.004497033031519975
0.004377283947817036
0.004344373986064552
0.004380361234719774
0.004517900533246146
0.004233709347103296
0.004317752431781418
0.00424766796778415
0.004271483019263563
0.004419807246803776
0.004510121897362986
0.004488454454449338
0.004376665896126192
0.004205925428070908
0.004160583430659411
0.004358846156110652
0.004374949184279328
0.004407109313226885
0.004313460437877648
0.004250028359176245
0.0043421006585666385
0.004522988156162774
0.004217499001350001
0.004340233935103656
0.004452139043364575
0.004398476606465678
0.004337005865290365
0.004156410321181195
0.0042916517581098376
0.004267901269228618
0.004238733676314398
0.00429076594637108
0.004197564054689862
0.004419476245076651
0.004369451068231841
0.0044636730671994895
0.004259137683657924
0.004335048087875312
0.0043913558991570956
0.004400280159678321
0.004338861114460876
0.004231817304681448
0.0042643367575899115
0.004262246383466705
0.004352449739604617
0.004330230055371392
0.004146510319630437
0.0042362826169608575
0.004275664453295809
0.004126416846895508
0.004347931402721676
0.0042497538861881795
0.004448498071069695
0.004262842847155215
0.004250822946632551
0.0041410732656514005
0.004328801139713894
0.004471808368035188
0.004333500737313368
0.004322840810882527
0.004245114446463816
0.004300446758990432
0.004248883771973835
0.004489579625361789
0.004153187700909917
0.0042374338223228015
0.004343492234438921
0.004342711307067194
0.004195018723307612
0.004360538436708406
0.0042639243781187495
0.004283969978744214
0.004290247616937774
0.004276802585457498
0.004420128924316097
0.004296307372352367
0.004442732538038914
0.004241389216948575
0.004218888599192037
0.0042103028150170954
0.004398608126589661
0.004273901090498431
0.004192718827704127
0.0040533135361436505
0.004235089056682842
0.004390661677848383
0.0042215144113365525
0.004115950451150075
0.004238486026927477
0.004399205300789381
0.004376291285700283
0.004476880883745805
0.0042985970337097714
0.004371962814652265
0.004286500709103887
0.004177695543060194
0.004253504593831907
0.004434352477423155
0.004294432399885119
0.004219747174553199
0.004375533852588858
0.004347596040399399
0.004167123278053505
0.004330440854844651
0.00416204021593891
0.004312827464421128
0.004154997005863637
0.004297124832500443
0.004218368597018222
0.004219546977287724
0.004194093851996228
0.004271619320314125
0.004124766846522579
0.004125729414763528
0.00425979400611315
0.0043420663443778625
0.004145671428417496
0.004158769138047477
0.004325347340591581
0.004221338216918672
0.004240441749045477
0.00426800535774754
0.00439003756637946
0.004332101560447772
0.004259884551477929
0.004137055051394884
0.004368772662236496
0.004146707718807292
0.004265465442940131
0.004168548232499389
0.004236685689387618
0.00427354622912486
0.004352078938260564
0.0044312863964395145
0.004216477535541409
0.00431890823743732
0.004308844336506342
0.004302739989902594
0.004302994008821636
0.004261204230758446
0.0044047580966671
0.004290481553698689
0.004391908772690854
0.0043105416828876355
0.004285439955012922
0.004331180488602822
0.004122216163126197
0.004265692414355995
0.004115326858570684
0.004074834134350023
0.004252823277110108
0.004394846192250649
0.004138138975225565
0.004191901697571167
0.004327115108970564
0.004133698088872441
0.004236881429216877
0.004132427528272534
0.004353108033908745
0.00424738462731396
0.004250195983503354
0.0043244404607702455
0.00421288122140025
0.004496892274063421
0.004176068745050744
0.004253599824999242
0.004345017651530054
0.004111700084137354
0.004119171937144633
0.004280467882029888
0.004192620371248584
0.0043550713681808195
0.004228746710457787
0.004233712538222406
0.004259266985366038
0.004250840549728116
0.00426043966506226
0.004298744726978287
0.004130480849804978
0.0042866924331196555
0.0042735447984870115
0.0041258145507650345
0.004253199500180121
0.004345320880132834
0.004195528834643376
0.004291606538312284
0.004199752639045054
0.00421490591736428
0.004117723951352469
0.00423898664474828
0.004153455087845008
0.004248563938562629
0.004089773877092519
0.004251677208102053
0.004146207510672268
0.0042575002582002
0.004188512064239071
0.004370586095298132
0.0043561894149220055
0.004014798839766104
0.004328352116545591
0.003910333611851333
0.0040458473503990735
0.0042901104573671404
0.00420182277819356
0.004316304949768833
0.003971818770669335
0.004197769330273269
0.004056182629868366
0.004018495055767199
0.004431046198663415
0.00428718086854063
0.004292567404451338
0.004021709183901328
0.0043290894166745
0.004398362169174099
0.004302715136433311
0.004331453023739379
0.00418105135259018
0.004125196288908477
0.004243739300605272
0.004257342051838285
0.004184972625335673
0.0043000851158234
0.004140288539156647
0.004106834588522932
0.004261901390266256
0.0042367792982954235
0.004106194996906879
0.00435289456563999
0.004211630868989216
0.004138474068315947
0.004234771831455616
0.004139277033897935
0.004164390819858771
0.004144522082953436
0.003950569545163342
0.004332987627338695
0.003972204488284534
0.004266538630805602
0.004119797318879855
0.004175169558256074
0.0042075811659334815
0.004030212152826223
0.004220205047689818
0.004299252450941433
0.004095471059219434
0.004124819798667017
0.004208840657118983
0.003993416432041268
0.0040214690733508685
0.0042116509181801725
0.004283721618159265
0.004061122319817675
0.00423874944011656
0.004169888343527408
0.004183346930524516
0.004228649227220598
0.004120897419975966
0.004278600238576795
0.004310116029665929
0.004164205096554901
0.004158522169982086
0.004133470427549848
0.004191052787085572
0.004187174200473194
0.004221428052115647
0.004151635751771057
0.0043589517660988465
0.004136863094205064
0.004173375470398933
0.004213740262766108
0.0041869148705772795
0.004216480335347069
0.004109234247592918
0.004064245849015373
0.0041221315724566405
0.004195711792138979
0.004151883851709311
0.0042421371744022565
0.004095617168003303
0.003943354943574882
0.004205675380150609
0.004065503839164379
0.004126068235891473
0.00410465359348518
0.00422599342010179
0.004114748159722922
0.004252248544281673
0.004188252258551331
0.004156672341507313
0.0042063034274189524
0.004016023578402479
0.00415444038986918
0.004158691585182067
0.004092059120505631
0.004079509447850726
0.004010658679944861
0.004140680939148683
0.004120215133813301
0.004292008784671031
0.0039767122282825165
0.004175434008193996
0.0042538028552092525
0.004276799833728962
0.004183909338610494
0.004300415624760003
0.004264134570618317
0.004165821146923269
0.0042158239005974174
0.004152844555931479
0.004152983018735583
0.004215872670547174
0.004033989863330086
0.004118321714840368
0.004255601521210531
0.004295275544893315
0.003987956643763896
0.003847899378324065
0.004089188281924719
0.004087094762870783
0.004053267892408886
0.004369507835639481
0.0041433781592153385
0.004138259736719407
0.00428155068703721
0.004054025661029955
0.00405960334609139
0.0042982774424012255
0.004175208673460799
0.004210408480980799
0.004016246767178903
0.004173665669757686
0.004066453370949731
0.004095757352483561
0.003992820567943178
0.004091674125764332
0.004026106820073649
0.003908848567868536
0.004059447189188593
0.004227964777930758
0.004038520705072995
0.004031759294596086
0.004107864748736003
0.004122601359448009
0.004117607156908178
0.003937087284131827
0.0040483012500804215
0.004304192564312841
0.0041799174232276535
0.004159938380572736
0.004189577830370219
0.0042985147864566045
0.004025502184647682
0.00427420486477657
0.0042367649764635746
0.0039027254200186086
0.004308346523298912
0.003995373231430255
0.004166636587832134
0.004085807850897576
0.00406588986481658
0.004078742584754826
0.004059525809366157
0.0041174712940462614
0.00419010618044981
0.004034478207061117
0.00409127861518237
0.004291113102698704
0.004100316191424552
0.004089238386358077
0.0042577545480681775
0.004176345893530763
0.004153166814833594
0.004032543598012147
0.004043606538833792
0.0040895786716061535
0.004084718431508207
0.004058334068463879
0.004198449738680833
0.004057200989551337
0.004024239565530149
0.004050592725490739
0.004018786650736182
0.00418703042377325
0.004200200987073173
0.004139749602494338
0.004113594024060267
0.0038390941383896785
0.00415566141660817
0.004029295936770803
0.003944089469997141
0.004206827933045659
0.004170343935404489
0.004131855536526986
0.004170610962963078
0.004036028638851601
0.0041168865371374605
0.004028726229718872
0.004054145983304927
0.004303797475435939
0.0041240492480557
0.004081458158606999
0.003909846037354287
0.0041093577927522424
0.004069516478878361
0.004059201800113319
0.004105969166292488
0.0040748587639172695
0.004080317169977325
0.004151300241096511
0.003921148486045302
0.004200942866891557
0.004236950711786725
0.003927614964657411
0.004133417387149546
0.004142309170886654
0.0041365223080963775
0.004113994205678239
0.004079154723840368
0.0041421138091496355
0.0038180291366963965
0.003999771178386842
0.003934363607567211
0.003988087398087974
0.00424438391971487
0.004045303504547286
0.003991612349980261
0.004026918562821451
0.004162882469459863
0.0041417515171131335
0.00413903421317131
0.004281362651223674
0.003992311331267664
0.004227688103697227
0.00402092602472082
0.004079138308593174
0.0042380126200720755
0.004042929340261076
0.0040611685483763135
0.004020617595203441
0.004037631043386824
0.0040675395571525075
0.004149376833330631
0.004060122968799333
0.0040461800169683225
0.0040816320885923366
0.004067672839989902
0.00421853527559962
0.004202482116801505
0.0041772462183796415
0.003921184325137431
0.004009682093101353
0.00407201396871446
0.004087013244329455
0.004032385566444919
0.004061363531334276
0.00412097877917597
0.004113210178018825
0.003929170654024819
0.004180095543477761
0.004108451294113818
0.004101209853127445
0.003958170974261751
0.004041802529575287
0.003912068305572819
0.004019891221459493
0.004078104429614557
0.004070135276108035
0.0038640185768900105
0.00398163820388878
0.0041094473624948115
0.004067546145435544
0.004155355025217442
0.004219273009109462
0.003913033853908643
0.00421481307219593
0.004255365171321396
0.004170363990433382
0.004101100338933368
0.004170731159207304
0.004219338660482812
0.004005650464468704
0.0038930465931561846
0.004121374736531778
0.003903004300305318
0.003960013809232014
0.004091224459049383
0.004078433906781737
0.004046524661266215
0.004093986272105843
0.004006325149466352
0.004084979071677456
0.004002611030574481
0.003892208232852056
0.003996126073519741
0.004037537564630662
0.003988747917847834
0.003975828191276453
0.004121708185899629
0.004037478218228724
0.004003696980512533
0.003989915032445242
0.004090483142763574
0.00404084125100319
0.00409162287658031
0.00409107021252545
0.00408053506031127
0.004177768644327325
0.004033501593431782
0.004064884901480821
0.004019266382137253
0.004060338506101463
0.003960882483193085
0.003974755570721046
0.0038836784935542615
0.004120006849632151
0.003975486097126584
0.004023040029437317
0.004069360037290307
0.004132954711108235
0.004031453844830174
0.003941545572000003
0.004240005951894002
0.004191683231685365
0.003961112969390125
0.003969562820647912
0.0039373174928551795
0.004113995458774136
0.004199195841044341
0.003941962515707279
0.004058503916357976
0.00409178305959884
0.00407595713492373
0.003959361190088972
0.00402234187473304
0.00399819385997984
0.004167114370564345
0.004032617928336614
0.0039008297898413774
0.0038682497405257503
0.003903185641722737
0.003962583095041326
0.004007670200075459
0.004075536506791712
0.0039451671832936176
0.003917140651296462
0.004018224185129358
0.003943218253099615
0.004093456016111691
0.004059146653934984
0.004140555234811376
0.003946685471577477
0.0040625305547568515
0.0040382791350384115
0.004121457202535859
0.0039686575119183085
0.003977868221439201
0.004094614693688938
0.003891458063163852
0.00412267944699972
0.004074120860420453
0.003923241116359258
0.0038842791938676242
0.004021257096846591
0.0040830053168604465
0.003968940082811105
0.003937903020371598
0.0040124721160971705
0.0040232570722402465
0.004044661556293633
0.004073654325159712
0.003846023928519657
0.004053735761809819
0.0040218669994649065
0.003974887916054522
0.003910646166729364
0.003951170889023351
0.004091610381679175
0.003979397913616887
0.003982185014897194
0.004007710614736168
0.004018190843300416
0.003889562553866247
0.003895942977860372
0.004145342648196911
0.0038561743466392333
0.0043366398981011375
0.003896653080416794
0.003927616462946641
0.003995017400615818
0.0040255637697265605
0.003974415969370059
0.00403411573988652
0.004062078188167978
0.004048314382690266
0.004006088618944594
0.003946027181050836
0.003948964616407401
0.0038806170930503524
0.003911634570414854
0.004020932524747993
0.0039200642661969
0.003950864728402819
0.0040671233517724946
0.0041445969534587325
0.004154837962616356
0.004047415389577724
0.00402507322715392
0.0038316375716756974
0.00403943902312896
0.004042023096088002
0.004088857752383634
0.004043516114348639
0.004038583682328023
0.004232293811481128
0.003905435608889479
0.003988694102203908
0.004042139871644851
0.0038892066911148638
0.003961574594946276
0.003961519384207231
0.0039777369767284585
0.00399534647410686
0.0042060176793150715
0.004065458686159687
0.003924128750907834
0.003944500871785645
0.004148342344115947
0.004070404575654144
0.003835987586769822
0.003803293738558141
0.0039854166424176645
0.004115734586236685
0.003973112825186137
0.003924700221359993
0.004044905411365241
0.003949842852908447
0.003958452082236344
0.004003890252955104
0.00410566731286716
0.003969810088508513
0.004067161845236983
0.003971033673980727
0.003873524326105825
0.0039890023504018475
0.0038255042053764593
0.0040870975849979655
0.004108636420574534
0.003920867403139495
0.004152762832032149
0.004034256739789142
0.003938105397419537
0.0039124858327303355
0.003980730459709435
0.003944164976494107
0.003901458457991437
0.004072684396997885
0.0039800610310867825
0.004024386911441443
0.00411231326389849
0.00409170694389603
0.003937182657470086
0.004080049412676675
0.004145589655067409
0.003933113282972227
0.004077491466543887
0.0039897146655362
0.003928693521020599
0.003944332238010634
0.003936811545685175
0.003997910758865047
0.004023834217166677
0.003963098313541297
0.00407799909881709
0.004232040578279655
0.00395044544711709
0.003912946078816434
0.004036870961912679
0.003936402486969653
0.003991154480964538
0.003847136269364737
0.0039790979267859
0.0038520488383215483
0.003851707170684451
0.0039985152421612566
0.003944371832441264
0.00412927072421046
0.003865348860438759
0.00418272317225075
0.003914323695495747
0.004090392501931363
0.004048342206982407
0.003994097521083545
0.003839818488086703
0.003794773335151023
0.0040419422736347466
0.004004746812854545
0.0039512888527719805
0.0038744220304080344
0.0039623408649765105
0.004027802809993228
0.003957264838949022
0.003923895768477831
0.0041245666688313615
0.0038973662384461536
0.004074309406881729
0.004038164389023013
0.004019321167393749
0.00397106382554908
0.00412561175733486
0.003804267170512087
0.0038091445432365994
0.004003640782475406
0.003922090216287052
0.003928794361071271
0.003909138090713472
0.00398180360499231
0.003924536405084517
0.004114533416723563
0.0040361905531617085
0.003737088517769402
0.00405657351611781
0.0039813719390394235
0.00392434141251113
0.003938686230548199
0.0038809236479033014
0.004007826736100721
0.00394294768981196
0.003924357220612928
0.004035539376675797
0.003981199768333418
0.0039025616998973806
0.004042417914015969
0.0039015596696095963
0.00382767682366216
0.004078745625976331
0.0038457000016847453
0.003931474552563994
0.003999866878306136
0.0038516313018920148
0.003993389309675139
0.0038711306601927607
0.003934304257731193
0.00393732573911218
0.003805283211160638
0.003977479427574878
0.0038923991550100763
0.003991203359946345
0.0038741851877283776
0.003597666190080015
0.00395842975556334
0.0039828684116414255
0.0039031373008613125
0.003980867832536455
0.003942389979376114
0.004070628724942824
0.0041563140670013415
0.003915680782212862
0.004090338155550328
0.003995936098137656
0.0038961655598348088
0.003964102070484651
0.003995997957256142
0.003940399652374442
0.003919538499232503
0.004033386322345508
0.0038492753717136244
0.004031411669516502
0.0038531866449324254
0.004040669879235965
0.0038703092546298395
0.00399558979414876
0.004026394369352642
0.003932236293385734
0.003924636650352483
0.0037391517939084486
0.003964605485020442
0.0037870687122833107
0.003873944859113819
0.00402679755544746
0.003962805842538433
0.003939468223686745
0.003915365334465595
0.003845261978905835
0.003954167415973096
0.0037737481222573153
0.0038921042076919153
0.003986617017456311
0.0039997904710499105
0.0038674527512736903
0.003942320428261187
0.003858908641036699
0.003911515438220406
0.003917649754042844
0.003919537710767668
0.0037563818937530165
0.00390006602565953
0.0038753907255633323
0.003978279689848862
0.004015144510510595
0.003996127092067954
0.004017171638490286
0.004044392732024237
0.003936865582312168
0.0040227290624780115
0.0038872919276158892
0.003951564740944533
0.003957603959872176
0.0038645895511175677
0.0038316824162999787
0.003842379391649436
0.0039899036393687675
0.0039582056584726785
0.003830344016130761
0.003810084998747746
0.003792486648050557
0.003949322096954009
0.004061506242782515
0.0038896147436448605
0.0038882381630275715
0.0038362510428849093
0.003877047874146089
0.003988035776306241
0.003999933798228745
0.003860218353585991
0.003921950080399031
0.003904883475400024
0.003920716626410288
0.00410954022174289
0.003957634161234693
0.0036554554996566964
0.003928328158229502
0.0038805259968590945
0.0037289142153970347
0.003760307278981361
0.003921089945622009
0.0037901574669537688
0.003839203983113983
0.003935924680370585
0.00394838335642256
0.003891758698692606
0.0038872667582112207
0.003860305728951255
0.003830871378225453
0.0038517589899258013
0.003827606585731175
0.0038238916419732183
0.003913535725855568
0.0038385896666722707
0.003928641316818848
0.00391244909047509
0.003845634827648556
0.003850695324936678
0.0038696092067170987
0.003629977537379504
0.0038647574323138834
0.0038458086683478064
0.003951610465208481
0.003961342211419876
0.004051823086231661
0.003927218845213014
0.0039089897748462
0.0038184037721910925
0.004107318256066832
0.0039023377448059397
0.003998467223073155
0.0038700996891933336
0.003833336882179213
0.004038251963908342
0.003828061695463384
0.003816064335556926
0.0037757427449500226
0.0038202058837768296
0.0038953517786169474
0.003888475890326311
0.003841723190760652
0.003941456476160515
0.004020560794485222
0.0038491474906845254
0.0039037935261320663
0.003893930660038747
0.003901448977869389
0.004020863969344646
0.0038233195059962986
0.0037216214641000098
0.004067901630438095
0.0038248017302557696
0.0039262687541876855
0.00391495099516481
0.0038758078524787913
0.004014586089906944
0.003926377964293952
0.003991323794859151
0.003902659072042072
0.003933685609712307
0.003985405705558757
0.003921295398060551
0.003880663855951884
0.003852606802535927
0.0037669261476535976
0.003918135457652948
0.003796358561043004
0.004003332220059119
0.003801665412898074
0.003905023349611127
0.003896692140676235
0.0038759159360350188
0.0038989400151144484
0.003984224257625331
0.003860351005239429
0.003745348444812901
0.004092072155587595
0.003925173598338896
0.0038699017539565454
0.003964853852473551
0.0038155212477783626
0.0038694247979791643
0.0038480548968313367
0.003944469048163598
0.0038989657130240733
0.00393527490876692
0.003911025908701451
0.003899083698750817
0.003714282552239136
0.003938644694488572
0.003843623129678423
0.0040530549213949555
0.0037058053050907248
0.004048534854594069
0.003726547741905338
0.0037268602689673196
0.003924841213707639
0.003927061312617651
0.0038698145640316175
0.0039044073676404744
0.0040121043576916635
0.0037562255294317694
0.0038880682670563503
0.0038867892795668196
0.003931006759399641
0.003809896861285433
0.0038135359074046786
0.003766493860818995
0.003981728352273878
0.003936393723196754
0.0038097324268755043
0.0037952257027701205
0.003755264911748425
0.003913255941718927
0.003824482080567859
0.0038111467171284565
0.003931103697648288
0.003914731386073681
0.004026917479025711
0.0040212970667939
0.0038026495845947185
0.0037032528093584693
0.0037398801750440293
0.003966529730015096
0.003936113691462924
0.0038589409316936644
0.003933229235723439
0.0038706705949109895
0.00393084688338789
0.0038149341398981953
0.003965446834348054
0.0038739745549797176
0.003816902013852709
0.00393091272638292
0.0037364545995973953
0.003863648283446433
0.0038608889793290326
0.003933672002340862
0.003893971012542601
0.003779080432323206
0.003971244426235381
0.0039764177758153255
0.004040617247834626
0.003922116891879336
0.0037532308872769912
0.003922872835973547
0.0037869104173221244
0.0039580285581444176
0.0038492814040190612
0.0039506102451961215
0.0038334840495183316
0.0038337601334334608
0.003989315117849449
0.003908242197545207
0.0039326750225549606
0.0039418936380154965
0.0038658817814509207
0.003737718494304052
0.0038707155530316242
0.003737468877189125
0.003795864500083403
0.003849994089347269
0.003882395721364843
0.003734323544672259
0.003861668391927945
0.004024652539955722
0.0038078787955002184
0.003950236492946876
0.003947969489994632
0.003992375289982838
0.003853179305959438
0.0038876107792235404
0.0038720433291866497
0.00390475311771222
0.003827093773147855
0.00383238597229744
0.0038165800188596642
0.003992778146062541
0.0039024966141170546
0.0038028195720841793
0.0038265975138617563
0.0037234224074116323
0.0037102942079563894
0.003724658559900667
0.0038668064425965896
0.0037637782663623403
0.003885159082504698
0.00381138489669557
0.003784995829304653
0.003758827979184665
0.0038591339352477484
0.0037614956156798475
0.004095430183190039
0.003839607005403171
0.003916646916059376
0.003974894632428752
0.003968118370241406
0.0039025587033189196
0.003800147835640539
0.0037710868212968594
0.0037732045258914606
0.003950064633711952
0.0038023524228098823
0.0038156265878478467
0.003907556881150093
0.0038028736523239926
0.004034298631104374
0.004025589623543431
0.003801426589956018
0.003904740333318117
0.003913826634695308
0.0038181498892616295
0.003655486444497596
0.003814928178334812
0.003777584306563314
0.003831593012766896
0.003792735851015401
0.0038417871216597766
0.0038363879689380835
0.0038106942976547467
0.0038099779481628694
0.0038939711681064385
0.003944604266792052
0.0038229411510492407
0.00387887407923914
0.0036998155518575054
0.004017579218490835
0.003885045151739961
0.003834175845336136
0.0038373066702374094
0.0037350783273605165
0.003791441042374567
0.003778100288115925
0.004066203565990613
0.0038920793130136698
0.003825991722867772
0.0038498963818646374
0.003728018701351234
0.0036494292090111205
0.0037567414113960523
0.003811462857873127
0.003749476282467247
0.003927674210784204
0.0038980899418492674
0.003741576417025102
0.003944065877178733
0.0038464516056165824
0.003816192462466174
0.0038747729762432584
0.0037298545436755064
0.0038233111014281972
0.00383197773999334
0.0038877098146650204
0.003928668958074509
0.0037518891665238373
0.004014364119885616
0.0038084726750433093
0.003711809693000507
0.0038213782997356845
0.003801689747992936
0.003986761915898583
0.003858458985997622
0.00373913342123549
0.0037630919039463705
0.0037987403065765655
0.003802236422668362
0.0037993076484056964
0.0037034912691465346
0.003891576588041201
0.0038865060888225306
0.003806148131671952
0.0038255622629680642
0.003839318540598373
0.003755862855868947
0.003702825830238363
0.003862049819346638
0.003901920971944159
0.003800246622111198
0.0036995821882445904
0.0037189416167021324
0.003685916472290942
0.003912473057608249
0.003782240109680259
0.003744282421125731
0.0037790048265813198
0.003759385887766944
0.0037004364000916327
0.003638960566003546
0.0037012826766376454
0.0038277689864787555
0.0038517315341104756
0.0038337492120279148
0.003926179053091546
0.003937352301036406
0.003874625445406741
0.0038116949762885288
0.0038386018437492745
0.0038178217536179145
0.003900644919563052
0.0037560543498013355
0.003956020984848121
0.0037877342154087833
0.0037273048844935707
0.003908748879951802
0.003779826397323503
0.0038542620608291883
0.003808415111787562
0.003818577072366105
0.003854626752944405
0.003953745123685769
0.0037567005544258034
0.003882928777508064
0.0038401971630900437
0.003932544608548239
0.0036930321704783096
0.0037893288192589244
0.0038701391859243795
0.0038209420540933235
0.003711602287943912
0.0037661927850411486
0.0037872226724049466
0.0038204130075822494
0.0037337426186517253
0.0039233836660623155
0.003948228917246723
0.0037150957381591795
0.0037991176276937523
0.0038302205585404835
0.0038047681478810963
0.0037967536706960923
0.003821789051796197
0.0037606656201084896
0.0037852257337684914
0.0037710521803553435
0.0036738336077344583
0.0038645917949456294
0.0036428114739287874
0.003742248277491711
0.0037820454910782145
0.0035911085586143236
0.003796604185524482
0.003828616364677725
0.0037871634163193207
0.00396988577769855
0.0037410841896926713
0.0037486978250577674
0.0038297908486397306
0.0037490114895729924
0.003719190294252692
0.0038828764538003193
0.0038021653100771273
0.003947851911549811
0.0038596546510234475
0.003848801337451754
0.003734925800623993
0.0038201795423205578
0.003917688907022454
0.0036595799386017792
0.0038822129335128056
0.0037569552814522016
0.003759675564458676
0.003827723479420386
0.0036900929085344385
0.003748128521681975
0.003710273060889964
0.0038133238969030063
0.0037823129008499393
0.0037197339016076035
0.0038281497724112507
0.0038264094735839154
0.003704283395740904
0.003954465200184985
0.003701014454534228
0.0037011590377279287
0.003867996360345642
0.003721375616575017
0.0037451654127977547
0.0037090696145816097
0.0037536209824860405
0.003914647653924197
0.0037809021892520576
0.003724770230697166
0.003748300428650614
0.003751716729676609
0.003819649034951728
0.0038676436195166503
0.0038618607145039074
0.0038036980342043007
0.0037619455451019393
0.003598966989473915
0.0035912143801418643
0.0037569961011626792
0.0037292902337958634
0.0038528930630045873
0.003684322079808443
0.0038447973430349018
0.003639132578055042
0.0038162240299058304
0.003798659225021953
0.003930898266844451
0.003767697455479618
0.003814907482849945
0.003924770988826159
0.0038407226965369817
0.003919919897461513
0.0037556440112040896
0.0036720168353731476
